0.0007505503646618735
0.04609640383589212
0.041528475194571035
0.04144195263346197
0.0004208828323791766
0.0014731046774855271
0.0014731046774855271
0.0014731046774855271
0.0014731046774855271
0.001534994397034937
0.004093096693688309
0.04508985485179859
0.0010868937648352787
0.0014835525995734653
0.0017165740448142088
0.0014026973964304562
0.0004208828323791766
0.001276072173741559
0.0013416516441061026
0.0013922057881951997
0.001432781408509297
0.003749785008579276
0.0010868937648352787
0.0010868937648352787
0.001292144151474955
0.0014160086775728113
0.0010868937648352787
0.0011522500042652417
0.001357479715712583
0.0015855480983507336
0.0012268294822462096
0.0011382466394102427
0.0011382466394102427
0.0012235955867619505
0.0011382466394102427
0.0011382466394102427
0.0011382466394102427
0.0011382466394102427
0.00498146558144841
0.0014540271820843488
0.0011619025487485382
0.0012811261659064581
0.0011382466394102427
0.0011801660921495973
0.0012134825520481835
0.0011382466394102427
0.0017211154792555088
0.004061088438983603
0.0027655293958462
0.0011382466394102427
0.0011382466394102427
0.0015017851009895443
0.0016568227396438703
0.001306845180734352
0.0020369476357263694
0.0012394241174571562
0.0027041459786652103
0.0011382466394102427
0.045404461476296246
0.042042629891165986
0.04590869778210714
0.048197181604903376
0.004936234470786902
0.0017912411918559637
0.0017912411918559637
0.0017912411918559637
0.005900948733909671
0.005983730306857146
0.0017912411918559637
0.005900948733909671
0.005900948733909671
0.005900948733909671
0.005900948733909671
0.005900948733909671
0.005900948733909671
0.005939666310679736
0.006476651043094371
0.005900948733909671
0.005900948733909671
0.005900948733909671
0.006003370955486804
0.0023761171565247277
0.0023761171565247277
0.001635998694230707
0.001635998694230707
0.001635998694230707
0.001635998694230707
0.0017956083211843289
0.002055332499070356
0.002055332499070356
0.001901629292830862
0.0004139783927212478
0.000449085119058851
0.0004324326253074335
0.001056322793910116
0.0041642197107014944
0.0005922525012231168
0.0004139783927212478
0.0004606187875092529
0.0007579063849888272
0.0004139783927212478
0.002055802918575108
0.0004139783927212478
0.0005492791188137008
0.0004225091617387356
0.001056322793910116
0.0004139783927212478
0.0004139783927212478
0.0006641432139727752
0.0004139783927212478
0.001056322793910116
0.0007579063849888272
0.0006259473636829546
0.0011322059056323916
0.00043037357744362114
0.00046078886424113765
0.000497957793188902
0.00046078886424113765
0.0004139783927212478
0.00045135287457496407
0.0004139783927212478
0.0004351439125846335
0.0004139783927212478
0.00043217524552848966
0.001056322793910116
0.0010372187874424104
0.00046350015151833763
0.0004139783927212478
0.0009147123063248366
0.0009220341253169879
0.00047994583397532534
0.0005407660069317367
0.0008777971440021308
0.0004139783927212478
0.00059989358661579
0.0004964838798631918
0.0007684921279398993
0.0005207917799581641
0.0011146352392686824
0.00047500878391325935
0.0004139783927212478
0.0006549093320074377
0.0005045901916159677
0.0005091933496827846
0.0005276475822689702
0.0007756486944937298
0.0006441222231551632
0.0005781486076320866
0.0005407741257783703
0.0005592283583645561
0.0005407741257783703
0.0004139783927212478
0.00044745473132814265
0.0007509550023445063
0.0005174729909015597
0.00041845423258618573
0.0007498203088514017
0.0009434356786960933
0.001572967283480316
0.0004297061989050967
0.0011365699673568604
0.0004468104715198898
0.00041845423258618573
0.0007143362961036044
0.0004900480806198624
0.0008638187512808831
0.00043961975244957143
0.0005348347094111082
0.000610435678768943
0.0008418137867494056
0.00041845423258618573
0.0005221202271304711
0.00041845423258618573
0.00041845423258618573
0.00041845423258618573
0.0005263215975291441
0.0006974237209769762
0.0006361754158994169
0.0004189202492675306
0.0004189202492675306
0.00047118952652812785
0.0016003351144798204
0.00043712793911831316
0.00043557274301894814
0.0004373343265428808
0.0006066263030525056
0.00043557274301894814
0.00044008576913091634
0.00044008576913091634
0.0009795563207008438
0.0004189202492675306
0.0006073301276328255
0.0005526125357739356
0.0004189202492675306
0.0004189202492675306
0.005113740741370685
0.0004189202492675306
0.0004189202492675306
0.0004189202492675306
0.0004189202492675306
0.0004189202492675306
0.0004189202492675306
0.0004807797646558367
0.0004715938480336767
0.0004715938480336767
0.0004715938480336767
0.000557991138866382
0.0004715938480336767
0.0004715938480336767
0.0004715938480336767
0.0005093213558763709
0.0008058146068027942
0.0006152391674011126
0.0007674759115510953
0.000640192389357786
0.0005654892065534001
0.0005355977183560571
0.0005394678338193059
0.0005176030034344227
0.0008245930156759694
0.0004424030150612749
0.00140643427858928
0.0004424030150612749
0.0013651485252060538
0.0013651485252060538
0.0013651485252060538
0.0013651485252060538
0.0013651485252060538
0.0013651485252060538
0.0013651485252060538
0.0013651485252060538
0.0014663260032529673
0.0013651485252060538
0.0013651485252060538
0.0013651485252060538
0.0013651485252060538
0.0013651485252060538
0.0013651485252060538
0.0013651485252060538
0.0013651485252060538
0.0013651485252060538
0.0013651485252060538
0.0013651485252060538
0.0013651485252060538
0.0013651485252060538
0.0013651485252060538
0.0013651485252060538
0.0013651485252060538
0.0013651485252060538
0.0013651485252060538
0.0013651485252060538
0.00046446473020593976
0.00046446473020593976
0.0004924677772688759
0.0005923586291290181
0.0004424030150612749
0.00046446473020593976
0.00046446473020593976
0.0009808951090738843
0.00046446473020593976
0.0010088981561368205
0.00046446473020593976
0.00046446473020593976
0.000909492132217297
0.00046446473020593976
0.001529354314544484
0.004408243499141131
0.0010180451590708778
0.0010180451590708778
0.00045127220048471
0.001965899339254968
0.001965899339254968
0.001965899339254968
0.001965899339254968
0.0019895552485932632
0.001965899339254968
0.001965899339254968
0.0004700752088382396
0.0004700752088382396
0.00045127220048471
0.00045127220048471
0.00045127220048471
0.0015814148652122898
0.000433232849220114
0.0035374756916484473
0.0030944859774705057
0.00323066865345182
0.0030944859774705057
0.0030944859774705057
0.0030944859774705057
0.000433232849220114
0.0014710690108285477
0.0009632101924472419
0.000433232849220114
0.0030944859774705057
0.0030944859774705057
0.0030944859774705057
0.0030944859774705057
0.0030944859774705057
0.0030944859774705057
0.0030944859774705057
0.0030944859774705057
0.0030944859774705057
0.0030944859774705057
0.0030944859774705057
0.0030944859774705057
0.0030944859774705057
0.003369551394939452
0.0030944859774705057
0.00622340713031869
0.00045538612150235257
0.0004552208686195107
0.0004936130611805926
0.00045538612150235257
0.0005577291837430378
0.0004552208686195107
0.000433232849220114
0.00044423854085965655
0.000433232849220114
0.000433232849220114
0.000433232849220114
0.000433232849220114
0.000433232849220114
0.000433232849220114
0.000433232849220114
0.000433232849220114
0.000433232849220114
0.000433232849220114
0.000433232849220114
0.000433232849220114
0.000433232849220114
0.000433232849220114
0.0030944859774705057
0.0032032500285394828
0.0030944859774705057
0.0030944859774705057
0.0030944859774705057
0.0030944859774705057
0.0030944859774705057
0.0030944859774705057
0.0030944859774705057
0.0030944859774705057
0.0030944859774705057
0.0004602772235777518
0.0004602772235777518
0.001018151359405491
0.001018151359405491
0.001018151359405491
0.001018151359405491
0.001018151359405491
0.001018151359405491
0.001018151359405491
0.001018151359405491
0.001018151359405491
0.001018151359405491
0.0010593513724617874
0.001018151359405491
0.0010962943524647003
0.001018151359405491
0.001018151359405491
0.001018151359405491
0.001018151359405491
0.001018151359405491
0.0004883641587537944
0.0004602772235777518
0.0004602772235777518
0.0004602772235777518
0.0004602772235777518
0.00043126363323170154
0.00043126363323170154
0.00043126363323170154
0.00043959545730831327
0.0006686539440923355
0.00044342097781563215
0.00043126363323170154
0.0004691922903315202
0.0004733381335730011
0.00043126363323170154
0.00043126363323170154
0.00043979440224918933
0.00045195174683311995
0.00043126363323170154
0.0004902062237502995
0.00043126363323170154
0.0004503200271149017
0.00043979440224918933
0.00043126363323170154
0.00043126363323170154
0.00043126363323170154
0.00043126363323170154
0.00043126363323170154
0.00043126363323170154
0.00043126363323170154
0.00043126363323170154
0.00043126363323170154
0.0004990376465509485
0.0004391473871712161
0.0004391473871712161
0.0005677880180396849
0.0004391473871712161
0.00046750362610492027
0.0004391473871712161
0.0004391473871712161
0.00045075050582414546
0.00044743780581449994
0.0004391473871712161
0.0004501297149310702
0.00044743780581449994
0.00042964025231736894
0.00042964025231736894
0.00042964025231736894
0.0005048761649553096
0.0005624141979127169
0.0005119445094665775
0.00042964025231736894
0.00045597301990893315
0.00044783554322221
0.0004900204642778475
0.00042964025231736894
0.00042964025231736894
0.00042964025231736894
0.00042964025231736894
0.0004900204642778475
0.00042964025231736894
0.0004403648221239574
0.00042964025231736894
0.00042964025231736894
0.00042964025231736894
0.00042964025231736894
0.00042964025231736894
0.0004853489473517078
0.000494921003356968
0.000494921003356968
0.0005049327377472305
0.00042964025231736894
0.0004372979265663192
0.0004372979265663192
0.0004372979265663192
0.0008037515199921397
0.0004372979265663192
0.0004372979265663192
0.0004372979265663192
0.0004372979265663192
0.0004372979265663192
0.0004372979265663192
0.0004372979265663192
0.0004372979265663192
0.0004372979265663192
0.0004372979265663192
0.0004372979265663192
0.0004478167050953359
0.0004832189465956082
0.001166650182413013
0.0004832189465956082
0.001166650182413013
0.001166650182413013
0.001166650182413013
0.0004832189465956082
0.001166650182413013
0.001166650182413013
0.001166650182413013
0.001166650182413013
0.001166650182413013
0.0004832189465956082
0.001166650182413013
0.001166650182413013
0.001166650182413013
0.001166650182413013
0.001166650182413013
0.001166650182413013
0.001166650182413013
0.0004832189465956082
0.001166650182413013
0.001166650182413013
0.001166650182413013
0.001166650182413013
0.001166650182413013
0.001166650182413013
0.0004832189465956082
0.0005025329362558966
0.00046534370130603593
0.00046534370130603593
0.00046534370130603593
0.0005764456259512387
0.000526038796364569
0.0005154752983334013
0.0006091637244054812
0.0006188581401138051
0.0006179782602089701
0.000616797245836856
0.0005815233927565744
0.0005903001159115579
0.0005815233927565744
0.0006052683252634166
0.0006052683252634166
0.0006052683252634166
0.0005641753498938909
0.000565546108158359
0.000565546108158359
0.0005915559244423003
