0.0004
0.002356117501242953
0.003493396324596222
0.004251258747374957
0.002236032410953417
0.004739783180849932
0.0037853311839330787
0.002506021407592414
0.0029643841511141572
0.00040888888896
0.002356117501242953
0.0033211946633820762
0.0010979182642707383
0.0010502221383160211
0.0006851216772106707
0.0017138330041578259
0.0023667375022078533
0.0010502221383160211
0.002686800106274439
0.0018631621538943801
0.0012487705957709221
0.0008399673944636915
0.00047179487332859964
0.0034096634260711274
0.002327449202146061
0.0005599674417797615
0.0005599674417797615
0.002356117501242953
0.0014111134621999251
0.00040888888896
0.0027569219725189047
0.0016791813365797396
0.002159446587049881
0.0014536474167908616
0.0018127561029968535
0.004528976969976747
0.002647428034090547
0.0010890293753107383
0.04380157957916262
0.0013733490811490556
0.00412716425685772
0.0013733490811490556
0.0012859540471190395
0.003789157702349585
0.009617310747187613
0.007905009212542701
0.0009021014116101748
0.0011907358922246638
0.003779078474248837
0.016524416124464786
0.019008279526515997
0.0014463327959832698
0.0024660088278877995
0.002662276450427178
0.0009535278871604599
0.0009535278871604599
0.00563724830969673
0.002642922767409439
0.0036355555558400003
0.0010890293753107383
0.0017531617326797106
0.0025833687820035326
0.006391673057082953
0.0006762327882506708
0.004740486708842683
0.0009284582510394564
0.0019235222637690793
0.0011023110557354724
0.0010916843755519633
0.0022653991502667396
0.0015560060499077023
0.000927353519224558
0.0024578667375162932
0.0008310785055036915
0.006158050998525603
0.0069950823830836895
0.0005510785528197615
0.0008915695020816482
0.0008915695020816482
0.008775201795039114
0.0019817587019196497
0.001599919383863691
0.0022182994680973746
0.0005066630490866402
0.002257220747176521
0.001759395273903143
0.0005066630490866402
0.0014022245732399252
0.0076444538487997
0.0006941414221893114
0.002504614648345937
0.0011560659611944313
0.0038811394654770736
0.0021062977246999216
0.0007530756984363547
0.0024947881240550396
0.004044921283944185
0.004231921180558291
0.0009531890257492134
0.016096916788922895
0.0010359970642871547
0.0021286238909485364
0.0010359970642871547
0.002062653305236351
0.002015450156565462
0.0016107016591464143
0.0007932165427255195
0.00319988794829307
0.0008738056462255018
0.0007932165427255195
0.002519075188454715
0.0034851087923903324
0.0007932165427255195
0.002150557698089881
0.005323493299149507
0.00328841808715733
0.002347228612282953
0.002347228612282953
0.0026097951787606853
0.002214473197804107
0.002214473197804107
0.002214473197804107
0.00229106044682228
0.002150557698089881
0.0020462415928457593
0.003517812369113229
0.0020462415928457593
0.0008433372702872639
0.0018546217443101958
0.0008433372702872639
0.0008654619669277318
0.0012160855389125175
0.0008654619669277318
0.000840321360718253
0.0010413332493560213
0.0017377295329572976
0.000840321360718253
0.001101242217278345
0.001101242217278345
0.0011646752422641421
0.001675836299116509
0.0009636633536263741
0.001443054993284228
0.0009636633536263741
0.0009636633536263741
0.0009037543857040502
0.0009814242814336974
0.000840321360718253
0.0008371057480285632
0.0018323820457399754
0.0020092914258026556
0.0031790559934529727
0.001112172945490135
0.0025999686534727033
0.0019895774281688157
0.0013612148153336631
0.0014728308955591824
0.0009480959731249842
0.0008371057480285632
0.0019196649411722566
0.0019196649411722566
0.003031672393234833
0.0011051840051860328
0.0013066826427202789
0.001360205826845353
0.0029697977197347776
0.00141967603190453
0.001218177394370284
0.002416156859706507
0.004937978214534186
0.0025331807806170674
0.00152193053077107
0.0012411159056755431
0.001253159458595205
0.0011051840051860328
0.0012086783136048332
0.003318836879355725
0.003592147167370717
0.0014287113269471552
0.002379428879350036
0.0018205336203673114
0.0036669137164217886
0.0013280398223351423
0.0013514413488680203
0.0012742101206645133
0.002374766642623526
0.0013210519236058974
0.0012086783136048332
0.0008409244452348408
0.0008409244452348408
0.0008409244452348408
0.0008409244452348408
0.0009832907524623198
0.00581411154864184
0.0007958851519358734
0.0009207298803049397
0.0009207298803049397
0.0015324430222179608
0.0016461459065888878
0.0009207298803049397
0.001389806700349959
0.0009207298803049397
0.0009207298803049397
0.0007958851519358734
0.0011458421955008833
0.0011458421955008833
0.00098088056594227
0.00098088056594227
0.0014015407038236484
0.001066349787566685
0.001066349787566685
0.0015457414272245387
0.003727141925861141
0.0005700874826006699
0.0008700465721504236
0.0007498977238743845
0.0019241790724254782
0.001038658386228828
0.0007020365627388174
0.0009969746682401471
0.0007694676814029035
0.0008793916396578539
0.0012301219331304716
0.0011734902041645786
0.0008793916396578539
0.0008793916396578539
0.0008793916396578539
0.0008793916396578539
0.0014729809931291866
0.0008793916396578539
0.0007694676814029035
0.0012610463347210988
0.001119623662438499
0.001119623662438499
0.001119623662438499
0.001119623662438499
0.001119623662438499
0.0008536683241751714
0.0014745180314166514
0.0008536683241751714
0.000780937025497846
0.001348891241349576
0.000780937025497846
0.0008088032013072307
0.0008088032013072307
0.0010022106526830926
0.001238441536797899
0.0010022106526830926
0.001004442032724427
0.0008176721383891666
0.0014033719830534419
0.0010286843150467352
0.0010286843150467352
0.0013030001378788474
0.0016469808859365506
0.0010286843150467352
0.0008176721383891666
0.00112369703101376
0.0012466516731322258
0.0008518947443629397
0.0023731337447541016
0.0008518947443629397
0.0011672984617226334
0.0015943912692134275
0.001395064012729623
0.001458979512443849
0.001395064012729623
0.0011672984617226334
0.0011672984617226334
0.0017253240668144826
0.0011672984617226334
0.0011672984617226334
0.001395064012729623
0.0011672984617226334
0.0013194996217858206
0.0009221807648911679
0.0009221807648911679
0.0009221807648911679
0.0008690768200450193
0.0011811544205740316
0.00102773278032522
0.010061800626261845
0.0009026754147866036
0.0009026754147866036
0.002799925298862047
0.0008632020658056931
0.005172866170902078
0.0014614819156603116
0.0014614819156603116
0.0018127668721264892
0.0011954776951503463
0.0014901891998380015
0.0011025558261252059
0.0017045501441358905
0.002231485741521969
0.0009232816404348484
0.001661906952782727
0.0009232816404348484
0.0009232816404348484
0.0011524487946901715
0.0013507175524028806
0.0013507175524028806
0.0013507175524028806
0.002142982131869405
0.00047188512727211457
0.0023169367719632263
0.0023169367719632263
0.0023169367719632263
0.0023169367719632263
0.0023169367719632263
0.0023169367719632263
0.0023169367719632263
0.0023169367719632263
0.0023169367719632263
0.0023169367719632263
0.0023169367719632263
0.0023169367719632263
0.0023169367719632263
0.0023169367719632263
0.0023169367719632263
0.0023169367719632263
0.0023169367719632263
0.0023169367719632263
0.0023169367719632263
0.0023169367719632263
0.0023169367719632263
0.0023169367719632263
0.00047188512727211457
0.00046861762146028433
0.00046861762146028433
0.0013794530922783073
0.00101156039821144
0.002360307595826694
0.00101156039821144
0.001024616881014164
0.0023521407900382197
0.001024616881014164
0.0007866675930087681
0.0007866675930087681
0.0005920081465630969
0.0010946593849333074
0.0010946593849333074
0.0005920081465630969
0.0005586154254216888
0.0005586154254216888
0.0007603333123390053
0.0007603333123390053
0.0007603333123390053
0.0008071865777061521
0.0015035828613074284
0.0015035828613074284
0.0026114860112750665
0.0012268809071455022
0.0009459062757168418
0.0009459062757168418
0.00140082814485223
0.0005738528046960159
0.0005738528046960159
0.0005738528046960159
0.0007536630459697305
0.0006678498601678474
0.0006678498601678474
0.0007333816672275273
0.000659745400690738
0.000659745400690738
0.000659745400690738
0.0008959762848055443
0.0005798102412737148
0.0005798102412737148
0.0005798102412737148
0.0008958775966607976
0.0008958775966607976
0.0008958775966607976
0.000600577602429337
0.000600577602429337
0.00047346079908663886
0.0013479517674686724
0.0013479517674686724
0.0013479517674686724
0.0013479517674686724
0.0013479517674686724
0.0013479517674686724
0.0013479517674686724
0.0013479517674686724
0.0013479517674686724
0.00047346079908663886
0.00046764212162880554
0.00046764212162880554
0.0008252156277599954
0.001002322856450664
0.0009506240116994729
0.000688032941998121
0.003803097500977904
0.000660866839432409
0.00213546403745397
0.0012689372703051309
0.0007354694886349835
0.0013998858457503816
0.0010810294351405053
0.00045731462451259
0.0014194652856329925
0.0014194652856329925
0.0014194652856329925
0.0014194652856329925
0.0014194652856329925
0.0014194652856329925
0.0014194652856329925
0.0014194652856329925
0.0014194652856329925
0.0014194652856329925
0.0014194652856329925
0.0014194652856329925
0.00045731462451259
0.0004536756005838309
0.0004536756005838309
0.0012435145470675805
0.0012435145470675805
0.0026877815954898894
0.0006625665664777328
0.0017156470341534908
0.0017156470341534908
0.0017156470341534908
0.0017156470341534908
0.0016253810224139465
0.0016131173546030202
0.0008045443485925711
0.001374348190488897
0.0012314315342320482
0.0007129063177451675
0.0018307780980561436
0.0007129063177451675
0.0019335684619732295
0.0008027697717853761
0.0009931086905037986
0.0009931086905037986
0.0009931086905037986
0.001133295195154267
0.001560388002645061
0.001681287020514047
0.001494077270450362
0.00047675362297053725
0.001338079603126849
0.001338079603126849
0.001338079603126849
0.001338079603126849
0.001338079603126849
0.001338079603126849
0.001338079603126849
0.001338079603126849
0.001338079603126849
0.00047675362297053725
0.00047122183043863476
0.00047122183043863476
0.0011083498817820428
0.001283702096952682
0.0010141765014611062
0.0010141765014611062
0.0010141765014611062
0.0010649859552076732
0.0010649859552076732
0.0009294150246381022
0.0009294150246381022
0.0009294150246381022
0.0009551334050918279
0.0009551334050918279
0.0009247630898071779
0.0009247630898071779
0.0008320099555837856
0.0008320099555837856
0.004160049777918927
0.0008378603372170051
0.0006575707937384817
0.0006575707937384817
0.0008268871856394774
0.00045771569762781406
0.0018840394906465914
0.0018840394906465914
0.0018840394906465914
0.0018840394906465914
0.0018840394906465914
0.0018840394906465914
0.0018840394906465914
0.0018840394906465914
0.0018840394906465914
0.0018840394906465914
0.0018840394906465914
0.0018840394906465914
0.0018840394906465914
0.0018840394906465914
0.0018840394906465914
0.0018840394906465914
0.0018840394906465914
0.00045771569762781406
0.0004546579123732497
0.0004546579123732497
0.005363697780939365
0.0007102311113087103
0.0007102311113087103
0.0007102311113087103
0.001227282963489894
